Dates GLD SPY SHY
42321 103.559998 202.539993 84.660004
42320 103.849998 204.839996 84.589996
42319 103.830002 207.669998 84.580002
42318 104.18 208.550003 84.580002
42317 104.400002 208.050003 84.540001
42314 104.099998 210.039993 84.559998
42313 105.639999 210.119995 84.639999
42312 105.970001 210.380005 84.639999
42311 106.980003 210.949997 84.730003
42310 108.589996 210.330002 84.739998
42307 109.300003 207.869995 84.789001
42306 109.720001 208.889999 84.789001
42305 110.75 208.940002 84.848969
42304 111.68 206.570007 84.958917
42303 111.43 206.990005 84.928932
42300 111.5 207.520004 84.928932
42299 111.690002 205.210007 84.998898
42298 111.730003 201.869995 84.968914
42297 112.730003 203.089996 84.93893
42296 112.019997 203.320007 84.988901
42293 112.489998 203.270004 84.958917
42292 113.309998 202.289993 84.998898
42291 113.809998 199.300003 85.048869
42290 111.860001 200.179993 84.928932
42289 111.309998 201.589996 84.898948
42286 110.870003 201.399994 84.918935
42285 109.139999 201.199997 84.918935
42284 109.699997 199.429993 84.93893
42283 109.860001 197.809998 84.958917
42282 108.769997 198.479996 84.968914
42279 108.989998 194.990005 85.028882
42278 106.730003 192.160004 84.908938
42277 106.860001 191.589996 84.90894
42276 107.980003 188.080002 84.888962
42275 108.419998 187.910004 84.849
42272 109.809998 192.869995 84.789059
42271 110.489998 192.929993 84.829022
42270 108.220001 193.600006 84.779067
42269 107.790001 193.899994 84.809037
42268 108.529999 196.440002 84.759082
42265 109.209999 195.360001 84.809037
42264 108.410004 198.667003 84.769074
42263 107.309998 199.104729 84.579261
42262 105.900002 197.423469 84.589246
42261 106.220001 194.966244 84.709134
42258 106.160004 195.791953 84.729111
42257 106.379997 194.836927 84.699141
42256 106.129997 193.752554 84.669171
42255 107.519997 196.4386 84.689149
42251 107.489998 191.59378 84.719126
42250 107.839996 194.637949 84.709134
42249 108.620003 194.349456 84.709134
42248 109.199997 190.927248 84.689149
42247 108.82 196.518172 84.65918
42244 108.699997 198.209391 84.689136
42243 107.730003 198.129803 84.72908
42242 107.669998 193.672966 84.719092
42241 109.160004 186.261506 84.769024
42240 110.529999 188.569512 84.808968
42237 111.129997 196.607718 84.769024
42236 110.440002 202.954706 84.679156
42235 108.550003 207.202623 84.709112
42234 107.110001 208.844082 84.629224
42233 107.129997 209.470828 84.639212
42230 106.849998 208.277038 84.58928
42229 106.860001 207.620448 84.629224
42228 107.769997 207.749781 84.699124
42227 106.260002 207.580662 84.699124
42226 105.720001 209.540473 84.58928
42223 104.650002 206.844484 84.619236
42222 104.389999 207.272268 84.629224
42221 103.93 209.013216 84.609256
42220 104.309998 208.237252 84.609256
42219 104.099998 208.645119 84.72908
42216 104.93 209.361396 84.701122
42215 104.269997 209.729492 84.611287
42214 105.169998 209.679748 84.651213
42213 105.019997 208.227294 84.67118
42212 104.860001 205.670595 84.691139
42209 105.349998 206.864385 84.631254
42208 104.330002 209.053002 84.611287
42207 104.800003 210.197047 84.601311
42206 105.370003 210.664617 84.611287
42205 105.699997 211.520169 84.601311
42202 108.650002 211.370951 84.651213
42201 109.760002 211.171989 84.67118
42200 110.160004 209.540473 84.711106
42199 110.739998 209.630004 84.681155
42198 110.989998 208.674963 84.641237
42195 111.489998 206.406758 84.681155
42194 111.360001 203.740628 84.761007
42193 111.089996 203.47202 84.8209
42192 110.760002 206.934015 84.731065
42191 112.059998 205.60095 84.741048
42187 111.760002 206.247597 84.721081
42186 111.980003 206.496304 84.591328
42185 112.370003 204.824986 84.663192
42184 113.07 204.40716 84.663192
42181 112.559998 208.814238 84.523517
42180 112.440002 208.744608 84.573397
42179 112.589996 209.421083 84.593355
42178 112.889999 210.953126 84.553446
42177 113.639999 210.79395 84.573397
42174 115.120003 209.719534 84.633263
42173 115.32 210.585039 84.613305
42172 113.849998 208.486207 84.593355
42171 113.32 208.149607 84.533496
42170 113.730003 207.011102 84.503559
42167 113.230003 207.832797 84.463659
42166 113.260002 209.535615 84.483609
42165 113.779999 208.852521 84.463659
42164 112.82 206.367586 84.483609
42163 112.57 206.337887 84.523517
42160 112.239998 207.674407 84.47363
42159 112.839996 208.030811 84.553446
42158 113.639999 209.802922 84.543467
42157 114.459999 209.248519 84.573397
42156 114 209.456428 84.583376
42153 114.099998 209.030716 84.636258
42152 114.019997 210.337536 84.616309
42151 113.889999 210.575129 84.576418
42150 113.910004 208.595109 84.566451
42146 115.599998 210.86224 84.556476
42145 115.690002 211.36714 84.616309
42144 116.080002 210.753339 84.586393
42143 115.889999 210.901834 84.556476
42142 117.519997 210.971142 84.606334
42139 117.529999 210.317732 84.656199
42138 117.18 210.090034 84.656199
42137 116.550003 207.921909 84.576418
42136 114.5 207.8823 84.536527
42135 113.529999 208.506012 84.52656
42132 113.970001 209.505916 84.606334
42131 113.419998 206.783389 84.486669
42130 114.360001 205.961679 84.516586
42129 114.419998 206.813088 84.546502
42128 114.099998 209.208925 84.566451
42125 113.080002 208.614913 84.566451
42124 113.470001 206.377496 84.601353
42123 115.510002 208.466418 84.611316
42122 116.330002 209.327722 84.601353
42121 115.330002 208.664417 84.641228
42118 113.050003 209.535615 84.65119
42117 114.660004 209.05052 84.621287
42116 113.830002 208.525816 84.581412
42115 115.379997 207.506107 84.65119
42114 114.720001 207.753609 84.641228
42111 115.599998 205.872581 84.65119
42110 115.029999 208.268404 84.691065
42109 115.43 208.327802 84.65119
42108 114.440002 207.397205 84.65119
42107 115.139999 207.001192 84.611316
42104 115.970001 207.941699 84.561479
42103 114.669998 206.813088 84.581412
42102 115.470001 205.90228 84.611316
42101 116.110001 205.209276 84.611316
42100 116.690002 205.753785 84.671131
42096 115.279999 204.377672 84.601353
42095 115.599998 203.645059 84.611316
42094 113.660004 204.367762 84.574434
42093 113.75 206.169587 84.504687
42090 115.059998 203.684668 84.514653
42089 115.480003 203.219362 84.46483
42088 114.730003 203.704457 84.504687
42087 114.57 206.7339 84.524619
42086 114.290001 207.902105 84.494728
42083 113.57 208.308013 84.46483
42082 112.290001 206.485397 84.405048
42081 112.370003 207.431589 84.514653
42080 110.209999 204.967563 84.315376
42079 110.809998 205.578637 84.3353
42076 110.879997 202.868208 84.325334
42075 110.720001 204.119937 84.315376
42074 110.75 201.557344 84.295443
42073 111.419998 202.030433 84.295443
42072 111.970001 205.361801 84.275519
42069 111.860001 204.514176 84.235662
42068 115 207.431589 84.325334
42067 115.110001 207.204888 84.295443
42066 115.470001 208.082081 84.275519
42065 115.68 208.939572 84.295443
42062 116.160004 207.628708 84.364195
42061 116.07 208.338349 84.334315
42060 115.699997 208.584752 84.414
42059 115.260002 208.762154 84.414
42058 115.43 208.170797 84.344278
42055 115.279999 208.200364 84.304435
42054 115.940002 206.958485 84.314398
42053 116.339996 207.106336 84.364195
42052 116.010002 207.08662 84.264593
42048 117.980003 206.761366 84.304435
42047 117.339996 205.913741 84.304435
42046 117.07 203.95237 84.274556
42045 118.470001 203.834102 84.264593
42044 119.169998 201.685478 84.284518
42041 118.639999 202.592238 84.294473
42040 121.790001 203.154028 84.493685
42039 121.580002 201.123673 84.523564
42038 121.050003 201.892448 84.513602
42037 122.419998 199.014467 84.583324
42034 123.449997 196.580008 84.610218
42033 120.760002 199.083467 84.510647
42032 123.419998 197.260082 84.540523
42031 124.400002 199.822675 84.480779
42030 122.989998 202.493671 84.431001
42027 124.230003 202.020582 84.480779
42026 125.230003 203.134327 84.440952
42025 124.230003 200.157779 84.47082
42024 124.199997 199.152452 84.47082
42020 122.519997 198.728647 84.510647
42019 120.940002 196.156203 84.590301
42018 117.970001 197.969723 84.460869
42017 118.160004 199.172169 84.411084
42016 118.559998 199.733959 84.361306
42013 117.260002 201.310942 84.311521
42012 115.940002 202.937193 84.241826
42011 116.43 199.398855 84.251784
42010 117.120003 196.944694 84.211957
42009 115.800003 198.817348 84.17213
42006 114.080002 202.473955 84.17213
42004 113.580002 202.582372 84.082518
42003 115.199997 204.612743 84.112394
42002 113.669998 205.716622 84.082518
41999 114.830002 205.440652 84.002872
41997 112.769997 204.780295 84.03274
41996 112.739998 204.760578 83.989925
41995 112.550003 204.484609 84.079503
41992 114.769997 203.548282 84.059593
41991 115.150002 202.685864 84.119306
41990 114.269997 197.794658 84.169072
41989 114.949997 193.99149 84.248695
41988 114.389999 195.559802 84.198929
41985 117.410004 196.912484 84.25865
41984 117.690002 200.147148 84.179027
41983 117.959999 199.137543 84.218838
41982 118.190002 202.382004 84.149171
41981 115.779999 202.519232 84.119306
41978 114.43 203.88171 84.129261
41977 115.879997 203.548445 84.288506
41976 116.330002 203.773887 84.23874
41975 115.139999 202.989724 84.278552
41974 116.580002 201.686055 84.328318
41971 112.110001 203.097547 84.329311
41969 115.160004 203.528837 84.299465
41968 115.379997 203.009332 84.289514
41967 115.110001 203.156356 84.279563
41964 115.389999 202.587838 84.269611
41963 114.860001 201.509627 84.249716
41962 113.68 201.156754 84.229821
41961 115.050003 201.480222 84.239765
41960 114.050003 200.323577 84.249716
41957 114.470001 200.196161 84.259667
41956 111.669998 200.147148 84.21987
41955 111.5 199.921706 84.199967
41954 112.040001 200.137337 84.170121
41953 110.459999 199.9413 84.180072
41950 112.970001 199.313972 84.239765
41949 109.879997 199.127732 84.180072
41948 109.790001 198.333771 84.199967
41947 112.220001 197.088928 84.21987
41946 112.150002 197.775065 84.229821
41943 112.660004 197.667242 84.240759
41942 115.190002 195.432386 84.260655
41941 116.410004 194.187527 84.230819
41940 118.099998 194.481591 84.340223
41939 118.059998 192.276139 84.360111
41936 118.349998 192.540783 84.360111
41935 118.519997 191.070482 84.340223
41934 119.339996 188.874842 84.379999
41933 120.019997 190.227524 84.399895
41932 119.800003 186.532164 84.419783
41929 118.989998 184.738395 84.370059
41928 119.220001 182.581957 84.419783
41927 118.989998 182.738777 84.469515
41926 118.589996 183.983636 84.360111
41925 118.519997 183.699385 84.310379
41922 117.589996 186.767402 84.280543
41921 117.639999 188.923855 84.240759
41920 117.470001 192.746631 84.240759
41919 116.360001 189.433549 84.151251
41918 116.029999 192.403555 84.101519
41915 114.610001 192.629012 84.021958
41914 116.739998 190.531384 84.101519
41913 116.769997 190.501979 84.111467
41912 116.209999 193.119112 84.021959
41911 117.029999 193.628806 84.04184
41908 117.059998 193.981679 84.021959
41907 117.389999 192.452568 84.061729
41906 117.050003 195.608815 84.00207
41905 117.599998 194.089501 84.031896
41904 116.849998 195.206929 84.012015
41901 117.089996 196.726243 83.952364
41900 117.779999 196.903672 83.9623
41899 117.540001 195.85973 83.952364
41898 118.830002 195.596303 84.04184
41897 118.639999 194.132843 83.992133
41894 118.379997 194.279198 83.952364
41893 119.470001 195.420695 83.972245
41892 120.260002 195.196302 83.9623
41891 120.870003 194.464572 83.952364
41890 120.730003 195.703624 84.00207
41887 122.059998 196.210961 84.051785
41886 121.480003 195.332891 84.021959
41885 122.150002 195.61582 84.031896
41884 121.650002 195.723141 84.012015
41880 123.860001 195.820711 84.083596
41879 124 195.264589 84.043839
41878 123.32 195.37191 84.023964
41877 123.349998 195.449963 84.004082
41876 122.739998 195.323125 83.974267
41873 123.190002 194.337734 84.004082
41872 122.879997 194.64018 84.023964
41871 124.220001 194.074307 84.023964
41870 124.68 193.557219 84.103478
41869 124.959999 192.552311 84.103478
41866 125.480003 190.952262 84.103478
41865 126.309998 190.991281 84.103478
41864 126.199997 190.093694 84.083596
41863 125.989998 188.815608 84.043839
41862 125.959999 189.079035 84.043839
41859 126.190002 188.532679 84.043839
41858 126.18 186.376508 84.093537
41857 125.669998 187.391182 84.05378
41856 123.870003 187.332631 84.033905
41855 123.989998 189.166839 84.033905
41852 124.379997 187.8107 84.033905
41851 123.389999 188.386324 83.927556
41850 124.830002 192.181563 83.887812
41849 125.199997 192.152295 83.927556
41848 125.580002 192.981595 83.907681
41845 125.790001 192.903542 83.947425
41844 124.349998 193.81088 83.937494
41843 125.620003 193.801129 83.9673
41842 125.739998 193.371845 83.937494
41841 126.339996 192.532794 83.937494
41838 126.129997 192.893791 83.927556
41837 127.089996 190.942511 83.997107
41836 124.970001 193.137701 83.927556
41835 124.529999 192.425473 83.937494
41834 125.720001 192.78647 83.977231
41831 128.779999 191.820581 83.987169
41830 128.539993 191.557154 83.9673
41829 127.839996 192.318152 83.927556
41828 127.07 191.459599 83.917619
41827 127.019997 192.698651 83.89775
41823 127.160004 193.371845 83.917619
41822 127.699997 192.425473 83.927556
41821 127.699997 192.230348 83.957363
41820 128.039993 190.952262 83.992137
41817 126.660004 191.049832 83.982209
41816 126.730003 190.679084 83.96234
41815 126.989998 190.815673 83.942477
41814 126.980003 189.957105 83.932542
41813 126.849998 191.108368 83.902745
41810 126.5 191.166904 83.902745
41809 126.940002 190.779573 83.902745
41808 122.669998 190.565954 83.91268
41807 122.279999 189.17745 83.84315
41806 122.419998 188.653108 83.91268
41803 122.959999 188.497762 83.932542
41802 122.639999 187.924868 83.982209
41801 121.410004 189.264835 83.952405
41800 121.389999 189.925114 83.922607
41799 120.650002 189.90569 83.942477
41796 120.610001 189.711496 84.002072
41795 120.660004 188.80847 84.021934
41794 119.760002 187.585031 84.012007
41793 120.010002 187.206347 83.982209
41792 119.699997 187.303437 84.002072
41789 120.43 187.089818 84.05869
41788 120.940002 186.788815 84.038826
41787 121.199997 185.827547 84.048758
41786 121.849998 185.963484 84.028901
41782 124.510002 184.827431 84.009036
41781 124.669998 184.089471 84.028901
41780 124.389999 183.642825 84.048758
41779 124.690002 182.108664 84.048758
41778 124.580002 183.264141 84.038826
41775 124.5 182.594157 84.018969
41774 124.769997 181.963007 84.009036
41773 125.809998 183.574849 83.999104
41772 124.599998 184.448746 83.969315
41771 124.940002 184.283666 83.939526
41768 124.099998 182.506772 83.95939
41767 124.169998 182.234882 83.929594
41766 124.169998 182.429091 83.909737
41765 125.980003 181.360999 83.879947
41764 126.220001 182.953418 83.909737
41761 125.059998 182.603862 83.899804
41760 123.800003 182.866033 83.909737
41759 124.220001 182.846609 83.908742
41758 124.860001 182.302858 83.849178
41757 124.879997 181.458104 83.859108
41754 125.43 180.88521 83.859108
41753 124.559998 182.380539 83.849178
41752 123.760002 182.011559 83.869038
41751 123.779999 182.438796 83.829326
41750 124.239998 181.613451 83.869038
41746 124.75 180.982315 83.869038
41745 125.540001 180.729864 83.88889
41744 125.489998 178.85585 83.918672
41743 127.849998 177.632412 83.918672
41740 126.93 176.243892 83.928602
41739 127.010002 177.84603 83.938532
41738 126.32 181.662003 83.88889
41737 126.089996 179.729748 83.849178
41736 124.910004 178.991788 83.839249
41733 125.57 180.992019 83.829326
41732 123.919998 183.157332 83.759833
41731 124.32 183.400078 83.739973
41730 123.389999 182.788352 83.769755
41729 123.610001 181.584322 83.818399
41726 124.559998 180.108432 83.768778
41725 124.589996 179.22483 83.768778
41724 125.410004 179.603515 83.778705
41723 126.410004 180.904634 83.719149
41722 126.18 180.050161 83.709222
41719 128.470001 180.797825 83.748923
41718 127.860001 181.501789 83.739004
41717 128.089996 180.448067 83.729076
41716 130.619995 181.414788 83.868029
41715 131.639999 180.129048 83.848181
41712 133.100006 178.514626 83.877956
41711 132.210007 179.01731 83.897803
41710 131.759995 181.047429 83.848181
41709 129.860001 180.99909 83.818399
41708 129.130005 181.898148 83.818399
41705 129.089996 181.994811 83.80848
41704 130.169998 181.917472 83.868029
41703 128.889999 181.501789 83.917658
41702 128.679993 181.337448 83.887876
41701 130.289993 178.823969 83.957352
41698 127.620003 180.090371 83.90971
41697 128.199997 179.636025 83.90971
41696 128.110001 178.698305 83.919635
41695 129.210007 178.688629 83.879942
41694 128.990005 178.756306 83.889867
41691 127.580002 177.770247 83.889867
41690 127.599998 177.973265 83.879942
41689 126.269997 176.929205 83.870017
41688 127.400002 178.108605 83.899792
41684 127.150002 177.895925 83.870017
41683 125.489998 176.919528 83.870017
41682 124.43 176.010823 83.820406
41681 124.360001 175.923807 83.860099
41680 122.919998 174.019366 83.879942
41677 122.169998 173.700347 83.899792
41676 121.239998 171.573565 83.879942
41675 121.290001 169.340442 83.870017
41674 120.989998 169.553122 83.90971
41673 121.32 168.373722 83.899792
41670 120.089996 172.250266 83.876968
41669 119.769997 173.265326 83.837286
41668 122.470001 171.447901 83.847201
41667 120.949997 173.110662 83.787681
41666 120.959999 172.085925 83.787681
41663 122.290001 172.936644 83.797603
41662 121.790001 176.706849 83.767843
41661 119.190002 178.166606 83.688478
41660 119.699997 178.05059 83.728161
41656 120.93 177.528567 83.738083
41655 119.790001 178.282608 83.738083
41654 119.660004 178.514626 83.718238
41653 119.889999 177.557567 83.747998
41652 121.019997 175.643465 83.767843
41649 120.260002 178.011927 83.747998
41648 118.459999 177.528567 83.668633
41647 118.120003 177.412565 83.648796
41646 118.82 177.373888 83.728161
41645 119.5 176.291166 83.728161
41642 119.290001 176.803526 83.718238
41641 118 176.832527 83.747998
41639 116.120003 178.543626 83.708316
41638 115.389999 177.702584 83.728161
41635 117.120003 177.731585 83.708316
41634 116.739998 177.741247 83.668633
41632 116.099998 176.842189 83.677571
41631 115.57 176.455506 83.707324
41628 115.940002 175.517786 83.717244
41627 114.82 174.502736 83.746996
41626 117.610001 174.704643 83.796581
41625 118.650002 171.772063 83.796581
41624 119.690002 172.320125 83.776749
41621 119.379997 171.252859 83.776749
41620 118.290001 171.272093 83.756909
41619 120.860001 171.839375 83.786669
41618 121.82 173.79122 83.816422
41617 119.720001 174.416189 83.786669
41614 118.550003 173.973907 83.786669
41613 118.300003 172.050906 83.816422
41612 119.959999 172.810485 83.806502
41611 117.959999 172.829719 83.826334
41610 117.580002 173.579689 83.806502
41607 120.699997 174.031595 83.857079
41605 119.459999 174.14697 83.847161
41604 119.82 173.723908 83.847161
41603 120.459999 173.675845 83.837251
41600 119.919998 173.848908 83.837251
41599 119.940002 172.983563 83.857079
41598 120.120003 171.599 83.817416
41597 122.949997 172.137438 83.807498
41596 122.900002 172.512423 83.837251
